# BBH Candidate SNIDs (V20 Stage 2)
# Total candidates: 6727
# Selection criteria:
#   - Flashlight SN (residual > 2.0)
#   - N_obs >= 20
#   - χ²/dof < 10
#   - stretch < 9.0 (not railed)
#
1259231
1283924
1332008
1252820
1260278
1293959
1258726
1931242
1942106
1307257
1897066
1434258
1248928
1367265
1485069
1337304
1783052
1295287
1273541
1246633
1295627
1292063
1267800
1258071
1929195
1303883
1621062
1324790
1574018
1283435
1343401
1327645
1770458
1342892
1249896
1295877
1292097
1304501
1880318
1397042
1249395
1265868
1304172
1307830
1302927
1337838
1250432
1773052
1335313
1864049
1348507
1265062
1291143
1246626
1530036
1333039
1367331
1319826
1323758
1302946
1256313
1314032
1305276
1954142
1298737
1318689
1292003
1331187
1265845
1292862
1346925
1443081
1294713
1292826
1305904
1652196
1326029
1714031
1254067
1266673
1318052
1302709
1249775
1332614
1293786
1304503
1273784
1281680
1380092
1261021
1297603
1331836
1252225
1337830
1291520
1317966
1592078
1274854
1862233
1261350
1338170
1954126
1249441
1263788
1313939
1403065
1872027
1252449
1246315
1250988
1303926
1937078
1389129
1303952
1848273
1292175
1432076
1257895
1837071
1448020
1446050
1248113
1780133
1330426
1321450
1531033
1287883
1273762
1252708
1330595
1964028
1247253
1260616
1646034
1390439
1340324
1324938
1286881
1325059
1334288
1339246
1307175
1326683
1392058
1302915
1322229
1778066
1249010
1299189
1891266
1347054
1294401
1249956
1770810
1277988
1250279
1321301
1433098
1282960
1293945
1253309
1565032
1249214
1303523
1729038
1384090
1298740
1878221
1313277
1945116
1279450
1346422
1343218
1948434
1773257
1367129
1251144
1248117
1300827
1313717
1298281
1248478
1306537
1705109
1370403
1923427
1292248
1848198
1299258
1322219
1711040
1332264
1306736
1901157
1896240
1951042
1255398
1248979
1289985
1294305
1295362
1299452
1306122
1261305
1480038
1247559
1334614
1672051
1861178
1301243
1282162
1655162
1314317
1290948
1334257
1372115
1847028
1332392
1267381
1304450
1849269
1263935
1254331
1931119
1340158
1326692
1349551
1889055
1330599
1266485
1332010
1645263
1257750
1252554
1294948
1778026
1281369
1334734
1901069
1908448
1443078
1791116
1770489
1697026
1259785
1278034
1334644
1344373
1345142
1284666
1251436
1302439
1252443
1662023
1892070
1706098
1297595
1901716
1645195
1298034
1447094
1250601
1252183
1265793
1314574
1277995
1332550
1562147
1332932
1790075
1247763
1931123
1310310
1312193
1300191
1315910
1423101
1308772
1311214
1302648
1332738
1289970
1295129
1348266
1291513
1281719
1525019
1289346
1322954
1291770
1330466
1309330
1313698
1900856
1305350
1347008
1602033
1317410
1306578
1290031
1293106
1879279
1390255
1391075
1370807
1632070
1254232
1431118
1340917
1258919
1250034
1255306
1339666
1326599
1263580
1951078
1811118
1275170
1281122
1293011
1332055
1341426
1682020
1390173
1876204
1368103
1306110
1370133
1287915
1837119
1257216
1639098
1246529
1323016
1636043
1281039
1654039
1368149
1902212
1249627
1297878
1423159
1250785
1278119
1323777
1321492
1265578
1891070
1265927
1320451
1643292
1407075
1336480
1250461
1294557
1300424
1790179
1265432
1255908
1273089
1282459
1576020
1336384
1327123
1282131
1283148
1249454
1250834
1442063
1256701
1264068
1288366
1333864
1345421
1372045
1264435
1770221
1337174
1314067
1334645
1928157
1904352
1252303
1461073
1915087
1260547
1341413
1262252
1329622
1900190
1291621
1335564
1943041
1291317
1309694
1292823
1336008
1255008
1302074
1325588
1255974
1310261
1294077
1337809
1864084
1349543
1256432
1339131
1724038
1257228
1258135
1685017
1305293
1385088
1295207
1340728
1817265
1250533
1332007
1917041
1282436
1327146
1603018
1403068
1332662
1277165
1278733
1274126
1291422
1334244
1262846
1256335
1291874
1338128
1434082
1433263
1278122
1305756
1278148
1300317
1266245
1251500
1255056
1345582
1249987
1292347
1794038
1281699
1814082
1257931
1732095
1292256
1253137
1284834
1253148
1263291
1434160
1255657
1470039
1260677
1324129
1368164
1300154
1278586
1279384
1775048
1921416
1251593
1370926
1370320
1259599
1267184
1254326
1344484
1370269
1250801
1291673
1297649
1892217
1878408
1501028
1292292
1861392
1256789
1265990
1901061
1253475
1576060
1348630
1344800
1305486
1304193
1701188
1328168
1433145
1315816
1850161
1261059
1946123
1323349
1316928
1263244
1299458
1277780
1346995
1455043
1773303
1250464
1250435
1295899
1289714
1289288
1380229
1247857
1260461
1305664
1389192
1878320
1655204
1305387
1777326
1640072
1247333
1252595
1784110
1783092
1948264
1934064
1282626
1916193
1889050
1618037
1366156
1329472
1616034
1603022
1311485
1929216
1954044
1719037
1342906
1777122
1774096
1296464
1325782
1309502
1250471
1366626
1284597
1255376
1252242
1334507
1366761
1417025
1441065
1281615
1282380
1303850
1335181
1259771
1246758
1879618
1861201
1915067
1919062
1320066
1334362
1311596
1956251
1255480
1308829
1881233
1309288
1879296
1264707
1250852
1341502
1288280
1255399
1643290
1260344
1261014
1314985
1707017
1581017
1308930
1341556
1898058
1344671
1335756
1331899
1250009
1312171
1312308
1839050
1421168
1389232
1336364
1344347
1704039
1256201
1265974
1507038
1960144
1590119
1252034
1305410
1251000
1328857
1252024
1247480
1282463
1249463
1264670
1286779
1263090
1320385
1851018
1592067
1256350
1292821
1277821
1328103
1880583
1503024
1307747
1906571
1512067
1252751
1935216
1258289
1295062
1298399
1443049
1339327
1274376
1252521
1380056
1738024
1294340
1879668
1288287
1294686
1292560
1295243
1250912
1370624
1248962
1291632
1854092
1567047
1387135
1333489
1250069
1299766
1301915
1253151
1282187
1284601
1295345
1296794
1335718
1437071
1299785
1280938
1250619
1343533
1466032
1308552
1881067
1257908
1260399
1250054
1248250
1370150
1282465
1646056
1318126
1882146
1484049
1580017
1316419
1782063
1323773
1392026
1275634
1311001
1575053
1315648
1338849
1554041
1256933
1306769
1317740
1247898
1282107
1450020
1293145
1291149
1897024
1282258
1255397
1289978
1376103
1276295
1860037
1447133
1303314
1433108
1854063
1773237
1248464
1770254
1252801
1265260
1330533
1920025
1256159
1283062
1335459
1282130
1892149
1298851
1912177
1325803
1933222
1331512
1301829
1747021
1291626
1879256
1255732
1313434
1642131
1341344
1927203
1283878
1770225
1339291
1380207
1327408
1246549
1590122
1331660
1247411
1300205
1277996
1256807
1344636
1264499
1253169
1341959
1304652
1777345
1319366
1366195
1253424
1652162
1783045
1246677
1934186
1251381
1338099
1643252
1896111
1456032
1295291
1284567
1780243
1302123
1829079
1344013
1343208
1267578
1948484
1336003
1411102
1249564
1273656
1292697
1292847
1302635
1252829
1304513
1265196
1246395
1388019
1371200
1263619
1881359
1641279
1635042
1918019
1336436
1295968
1879412
1319638
1248557
1249970
1303722
1283923
1705094
1249672
1291928
1336577
1296360
1291366
1251582
1280470
1595026
1936043
1390409
1366694
1265468
1262803
1262895
1291473
1261215
1249805
1640074
1249217
1249416
1329993
1348084
1773280
1297537
1252162
1288065
1924066
1334765
1282360
1309803
1248841
1533036
1891116
1371040
1260134
1252756
1655229
1282604
1293198
1452054
1337840
1291297
1302047
1773174
1879587
1373175
1683037
1250795
1513053
1332059
1250509
1251356
1287639
1281983
1262055
1260639
1283114
1250340
1323070
1948060
1286201
1328016
1450114
1897303
1254889
1320197
1336953
1292227
1289166
1883060
1292274
1367703
1265981
1249907
1262794
1882097
1848269
1738018
1371080
1879532
1564017
1250364
1343555
1278606
1774043
1257401
1345578
1253180
1935458
1722052
1278820
1652226
1290398
1346137
1344355
1282105
1298799
1279489
1380080
1257975
1834038
1442085
1340521
1348424
1281640
1274627
1293805
1326505
1309291
1372143
1333891
1299172
1253880
1293286
1640083
1641041
1299339
1282585
1263715
1457067
1292839
1332169
1295216
1699058
1247406
1254734
1321973
1295605
1311258
1284592
1295811
1290927
1329195
1933168
1536026
1292800
1936192
1876571
1327621
1315248
1294961
1929203
1315212
1297505
1314223
1314847
1339756
1909142
1295465
1305946
1247798
1368482
1573025
1341209
1346628
1305917
1260552
1776226
1288759
1372117
1336260
1249064
1326436
1253986
1262313
1644237
1277710
1375067
1283936
1389177
1948302
1300160
1304841
1277796
1279431
1281679
1297270
1389046
1371126
1301355
1447102
1308723
1919049
1325065
1774112
1640057
1289372
1246430
1296657
1255730
1847100
1332081
1338753
1838105
1299726
1335878
1290061
1709076
1774137
1776146
1296342
1431237
1305291
1387169
1282067
1504096
1264363
1289366
1655216
1345129
1551108
1301767
1265426
1637040
1336359
1301774
1926198
1291767
1290585
1282020
1291906
1344082
1259966
1335651
1277769
1333438
1302388
1390345
1258109
1256803
1289094
1928063
1306360
1297026
1848092
1433017
1297772
1293952
1912020
1313594
1279585
1292100
1248093
1451099
1247322
1257912
1531145
1334432
1254070
1255470
1878279
1326244
1277783
1347712
1286708
1900641
1408046
1890101
1653126
1316989
1291972
1904037
1391050
1303735
1280807
1299706
1261784
1309328
1250271
1323207
1645254
1312885
1250159
1810240
1337541
1296861
1253254
1446041
1297579
1314581
1377059
1340868
1550021
1259711
1952048
1292426
1300213
1392191
1283162
1637051
1266734
1252768
1531078
1283391
1264948
1312434
1770178
1305785
1973025
1895081
1257873
1923415
1537077
1259541
1459022
1300968
1370181
1247495
1935040
1259656
1291658
1255425
1249348
1318774
1304242
1956103
1303165
1896213
1264006
1561047
1267138
1631035
1602023
1285346
1706050
1652139
1347734
1304402
1785020
1325562
1331925
1252264
1294351
1309314
1259615
1900180
1346956
1253468
1312262
1279630
1251390
1278280
1258309
1346992
1448133
1345975
1318533
1309825
1570038
1325129
1293465
1501097
1435067
1334087
1260463
1815040
1288438
1948038
1302871
1252560
1248976
1881380
1312370
1291788
1306785
1304045
1261101
1257911
1321135
1447171
1921317
1294238
1697030
1366280
1253284
1311679
1290525
1256778
1533049
1881228
1256171
1299439
1443083
1266274
1566064
1935161
1265423
1261456
1250094
1797039
1291217
1323071
1644038
1430132
1382058
1289555
1288040
1644180
1331701
1309222
1260058
1702096
1250924
1333476
1262232
1328316
1936356
1253399
1645158
1388177
1329795
1367527
1287778
1851186
1260273
1255682
1472020
1948284
1370130
1306067
1346719
1253997
1290008
1292333
1366406
1338843
1534076
1293154
1283305
1252765
1254344
1254570
1644213
1536058
1313884
1278986
1770802
1290237
1346627
1259026
1260605
1247080
1340806
1295550
1894305
1343207
1250050
1421029
1285524
1313235
1569058
1281140
1281901
1612038
1257602
1293341
1776364
1279432
1249334
1274387
1274424
1260695
1265349
1314922
1382034
1257646
1249308
1305292
1900191
1367309
1324044
1368419
1322720
1258366
1331963
1329558
1304777
1336244
1479130
1901241
1402033
1256332
1674090
1896254
1553022
1291006
1898053
1257112
1644209
1280217
1293046
1342712
1255582
1250940
1492046
1250556
1253847
1626022
1251126
1296864
1948330
1252159
1341469
1309293
1334311
1302714
1340179
1249948
1250547
1249450
1246552
1905127
1500086
1935142
1260210
1335818
1296367
1356088
1247065
1431249
1876378
1266015
1447033
1304208
1951106
1300852
1729017
1946352
1690035
1467039
1340756
1547086
1783040
1252129
1275946
1252926
1637063
1299125
1876323
1250896
1282825
1261500
1295079
1250253
1904152
1898138
1335654
1283373
1284639
1305254
1876533
1336940
1484035
1924188
1943145
1250201
1292081
1312220
1251536
1797044
1250444
1948232
1912268
1311730
1876655
1790035
1324685
1921033
1290868
1386047
1309246
1311465
1309117
1338718
1367556
1341271
1776286
1276047
1311449
1619020
1290568
1300521
1295711
1319998
1277914
1641264
1340595
1305120
1370257
1248608
1255192
1264049
1610062
1248408
1915102
1643253
1249860
1298277
1250023
1906545
1263893
1291783
1291882
1273120
1413048
1385196
1290105
1370473
1302920
1400026
1265587
1274142
1692030
1261178
1291162
1335783
1508029
1912086
1301142
1278279
1284819
1280182
1303595
1288883
1366382
1324582
1301748
1711027
1327988
1300495
1255062
1291121
1334471
1311439
1777165
1286686
1847165
1289913
1456020
1319953
1782065
1249083
1385060
1892245
1265975
1339891
1897254
1319696
1370253
1848315
1434223
1246587
1254108
1915243
1432102
1247990
1306059
1905344
1390177
1349747
1326214
1366152
1252598
1910065
1905414
1367183
1334835
1326672
1260942
1265985
1284282
1323232
1335224
1306073
1326125
1839117
1255845
1311632
1279001
1248623
1295697
1380034
1284447
1312164
1305074
1310452
1347478
1276711
1576119
1923032
1423035
1257695
1815029
1323742
1547168
1274574
1255020
1249676
1264606
1297063
1575072
1873049
1279488
1255501
1852058
1291950
1936147
1256237
1262080
1248517
1248610
1301911
1292420
1915185
1377119
1655070
1574078
1249952
1878285
1304236
1252915
1294706
1260360
1918076
1300562
1719049
1262616
1247894
1295417
1321488
1327826
1257367
1724043
1282869
1258984
1340706
1370156
1295672
1294493
1321499
1432115
1267268
1326785
1253044
1265512
1277716
1302089
1770386
1946339
1879525
1308859
1254687
1306535
1298246
1347884
1698026
1259609
1370302
1262409
1321142
1307011
1262736
1550103
1411067
1445037
1926158
1882168
1303938
1326264
1887027
1251022
1310306
1900133
1340746
1367308
1293404
1719040
1266031
1773150
1812138
1262163
1263369
1332747
1299638
1368188
1935095
1913206
1265935
1370344
1250672
1292990
1267593
1337221
1776310
1702112
1293319
1889076
1298266
1897304
1921418
1281378
1773098
1290093
1850179
1904079
1319653
1305192
1334573
1291455
1312165
1909230
1309602
1305915
1255737
1645208
1334530
1522057
1291254
1254969
1309509
1774125
1255055
1298059
1338266
1293771
1900865
1305580
1334715
1660097
1324723
1310267
1273436
1312307
1366179
1578103
1368530
1643298
1340132
1470032
1899166
1256819
1673020
1810236
1451112
1332971
1249540
1252462
1255987
1293271
1790222
1303279
1287437
1770851
1251624
1447121
1317502
1277834
1551049
1288495
1579146
1309532
1258148
1310073
1322590
1894271
1532056
1320843
1533195
1284929
1815028
1298369
1260228
1296368
1260427
1260876
1293862
1301963
1293835
1252237
1296371
1298888
1935250
1289368
1305308
1300025
1274362
1254299
1302110
1258249
1575019
1952045
1247949
1293943
1431072
1250508
1249920
1302954
1294675
1246389
1921402
1595127
1754020
1278117
1251510
1311362
1340493
1894107
1262690
1833339
1601036
1563033
1247096
1292359
1257040
1310046
1333957
1291155
1924075
1959079
1285504
1294717
1252705
1300166
1266965
1261549
1278793
1345417
1904123
1254566
1576128
1267500
1256903
1296250
1266541
1310462
1302632
1253593
1326367
1251504
1344311
1301666
1255142
1435171
1286149
1840053
1292212
1328558
1342580
1964021
1279281
1536060
1324279
1256250
1403033
1878687
1559178
1331669
1266384
1701079
1285317
1420049
1368131
1341459
1280321
1247043
1776188
1307315
1435090
1273127
1249662
1861150
1432254
1264631
1294830
1890212
1295249
1334253
1267339
1368458
1780086
1377111
1370977
1327289
1257760
1250925
1774069
1266634
1249696
1804030
1813070
1295794
1852138
1294695
1247570
1267581
1287212
1336088
1290435
1855026
1284901
1277855
1945180
1960031
1261983
1880159
1777233
1294638
1292902
1273327
1552066
1347120
1254287
1780287
1711053
1252671
1293923
1294979
1533170
1249365
1290007
1259291
1259651
1252791
1952075
1335675
1770709
1927151
1258033
1311016
1320011
1257691
1265134
1306798
1278127
1812121
1304799
1876296
1618036
1274049
1780307
1611020
1439028
1577083
1904182
1287064
1347998
1260573
1590115
1296727
1247358
1407098
1899158
1339339
1311309
1901731
1291482
1317783
1263039
1881037
1246706
1371170
1252918
1933020
1385056
1261012
1433232
1284026
1770379
1348566
1559147
1299503
1948350
1880545
1248869
1266943
1308046
1255161
1908445
1938249
1262131
1251975
1310485
1528024
1291082
1261191
1510037
1293383
1319058
1294664
1339977
1292790
1566022
1297742
1254294
1246473
1889226
1643136
1248955
1303964
1287906
1283204
1901963
1309169
1258429
1250322
1880616
1392137
1331521
1299857
1641273
1255312
1255113
1860131
1430136
1258357
1510035
1287959
1445021
1294641
1262016
1302738
1305061
1366222
1294820
1310456
1958058
1420043
1312563
1292195
1880524
1900746
1289433
1798021
1433255
1307055
1281601
1337228
1505022
1311804
1349300
1889123
1313709
1851026
1320278
1277227
1770677
1449115
1294953
1249729
1338288
1879225
1337223
1249431
1255613
1317372
1570047
1249215
1257597
1697027
1293946
1878395
1302073
1934178
1900091
1848146
1288110
1791048
1332689
1321366
1318158
1309215
1252836
1334925
1266337
1291394
1338471
1302564
1339773
1773066
1250450
1290916
1327680
1304456
1262572
1248890
1290403
1389349
1721103
1916124
1256817
1431212
1327320
1777124
1336329
1303257
1641335
1325109
1290807
1283720
1331707
1299777
1319539
1773246
1947217
1777186
1264568
1642178
1444068
1301828
1863033
1622050
1628059
1922071
1862198
1262988
1338278
1275345
1892243
1311780
1248039
1247001
1248677
1291715
1334745
1849276
1295686
1332063
1898108
1309196
1284594
1661033
1770894
1320009
1283093
1324726
1249453
1552065
1659022
1847132
1891140
1251431
1345199
1368133
1256419
1337192
1548070
1339109
1265353
1773144
1292840
1292936
1335978
1301941
1833067
1297667
1261164
1275109
1870040
1455076
1342897
1880498
1263852
1339764
1282945
1248139
1389039
1337325
1251142
1878637
1879485
1315947
1292145
1449103
1776329
1258420
1305051
1266060
1300295
1251342
1280290
1281974
1317517
1278823
1309051
1265040
1292418
1318304
1246477
1370134
1376241
1293180
1249137
1247962
1323970
1367403
1331367
1297365
1653178
1260170
1264041
1504128
1247489
1377130
1950094
1500031
1280135
1266024
1278576
1267192
1308957
1294778
1291202
1288889
1253131
1281907
1958132
1250281
1259323
1250724
1292334
1899053
1923060
1291889
1408024
1251064
1643328
1325372
1337326
1862272
1861167
1304839
1332594
1257419
1298681
1368226
1291032
1331592
1922352
1258475
1307041
1900075
1349366
1309412
1421053
1265623
1707065
1251645
1861186
1881044
1349516
1485076
1331804
1278500
1933258
1337405
1250397
1305715
1773167
1278429
1296026
1777082
1927019
1282114
1305219
1659122
1371048
1338940
1283367
1247537
1646064
1292806
1532055
1517061
1933180
1722029
1889236
1257496
1293832
1409118
1309009
1289600
1249898
1321074
1302199
1305364
1915144
1646092
1392282
1647039
1247974
1936386
1657047
1913420
1433040
1249448
1265594
1255303
1317168
1530098
1259117
1905137
1645103
1297229
1295654
1377124
1346111
1370870
1926046
1777225
1448062
1770206
1335472
1246609
1265256
1255051
1259543
1638033
1290740
1287941
1330828
1325325
1305299
1258450
1290713
1289012
1560048
1346897
1370898
1292499
1293783
1891118
1298244
1912110
1313975
1309696
1320795
1296887
1528034
1948282
1906182
1645092
1955092
1282281
1252764
1849031
1344639
1266830
1295431
1258128
1291408
1326273
1254649
1313033
1644182
1447077
1291601
1314554
1302758
1295451
1529023
1331450
1256823
1283634
1516060
1262573
1262214
1897090
1297353
1341356
1310222
1265862
1265281
1309749
1277939
1342872
1302399
1281398
1294674
1295624
1435033
1297396
1273129
1265169
1255454
1339220
1248173
1701088
1328927
1258906
1344692
1707071
1258448
1250526
1324536
1273777
1292313
1265614
1317956
1878549
1260522
1642117
1282427
1291517
1305523
1311496
1862171
1335432
1271383
1367180
1946149
1330892
1899088
1380115
1292073
1318578
1647048
1390407
1296592
1444039
1348383
1251052
1790070
1249610
1719035
1290191
1290779
1280352
1956287
1674074
1947183
1906506
1251235
1247290
1331672
1263683
1256462
1251610
1250410
1263125
1257016
1306738
1656090
1283118
1259561
1278577
1617030
1336925
1300338
1336246
1314296
1260954
1257926
1924033
1249853
1699061
1302705
1281558
1899069
1936215
1770251
1366532
1303881
1447111
1341030
1303215
1901383
1593037
1923018
1702056
1291324
1255629
1263785
1850051
1290394
1291819
1341037
1773231
1281352
1776135
1255169
1275798
1247470
1880178
1335971
1249173
1286043
1753036
1336272
1335085
1332522
1255824
1316409
1282442
1290755
1251172
1305021
1249280
1699143
1252831
1308923
1974019
1292935
1931066
1249443
1331558
1246521
1433190
1305614
1341823
1300777
1288265
1327103
1274252
1322819
1309582
1257072
1290161
1313951
1910058
1582021
1334686
1712059
1889022
1331555
1770338
1288632
1277793
1249535
1262588
1640020
1781020
1320251
1280141
1876596
1255485
1296669
1435068
1305687
1370441
1335729
1745019
1286523
1498022
1256680
1303495
1559101
1674081
1895089
1290860
1276489
1934339
1330632
1299318
1298891
1891055
1326229
1513043
1295427
1595150
1332229
1255823
1337726
1318855
1301938
1432246
1956249
1298587
1324311
1318190
1946057
1248054
1292433
1292079
1287887
1391191
1380058
1811128
1299190
1298130
1299632
1849251
1292033
1345458
1337330
1291981
1481057
1646037
1321517
1292328
1642125
1595110
1848056
1300258
1281691
1936125
1348310
1901942
1253954
1861210
1256800
1390027
1648074
1770825
1342279
1281929
1297336
1262231
1295024
1263877
1279442
1262545
1489034
1849277
1326158
1291842
1842092
1331414
1340936
1264121
1249437
1921315
1514042
1295027
1878144
1292484
1320116
1568035
1894320
1290098
1707019
1249929
1278857
1337083
1300178
1296155
1260949
1246444
1644163
1311343
1259246
1324368
1274125
1434121
1250192
1338643
1291958
1259007
1265818
1248441
1258055
1304442
1390147
1334265
1704034
1961123
1450053
1701106
1882242
1876305
1253533
1260211
1862274
1316803
1262701
1311637
1278486
1288746
1876181
1309563
1314333
1345555
1295445
1247318
1302918
1366190
1328417
1392364
1434114
1655088
1321365
1591034
1275098
1293789
1246650
1250615
1298952
1325105
1291742
1305827
1741035
1345143
1342198
1306944
1574017
1293022
1260030
1247514
1368231
1249885
1306626
1815065
1892067
1854023
1302141
1282999
1347645
1280358
1293921
1281546
1252843
1278538
1273696
1250977
1266494
1673097
1344218
1283243
1249597
1289671
1292706
1330346
1250141
1942090
1271304
1341483
1339987
1252033
1319066
1294103
1276801
1878692
1488098
1450086
1862257
1372123
1248112
1306681
1267466
1712019
1883071
1291090
1254227
1434224
1306423
1253968
1297602
1259637
1371123
1256521
1277202
1339738
1293058
1646094
1308916
1332709
1265527
1308326
1595089
1301936
1294816
1294844
1292650
1833321
1304531
1473027
1892242
1310170
1265657
1271351
1880504
1276500
1305298
1592028
1345998
1278747
1777216
1248676
1265337
1331976
1780045
1946322
1283354
1621023
1334960
1260018
1311525
1597021
1313459
1289812
1278539
1273430
1380194
1305184
1249415
1934328
1246500
1249758
1310515
1258437
1366283
1883111
1338609
1253366
1348607
1249304
1777182
1277850
1266276
1861463
1295685
1281585
1330376
1495047
1278526
1293013
1280332
1301201
1260166
1791077
1370318
1894223
1653101
1447146
1306390
1286374
1440097
1309899
1339176
1473025
1329451
1337496
1334742
1921523
1302895
1551083
1773162
1293296
1266255
1441071
1335198
1390164
1292463
1254352
1533035
1281119
1342647
1331296
1602029
1263648
1317496
1257905
1249526
1340258
1864046
1246527
1250371
1279429
1344342
1683021
1263308
1333866
1260312
1954065
1906394
1346599
1913214
1253469
1833247
1901932
1265560
1247150
1311145
1581048
1340700
1578076
1699106
1247507
1341766
1920362
1249623
1926173
1254274
1341870
1303765
1307843
1338441
1770401
1900099
1879646
1336798
1332413
1342810
1950024
1254181
1262681
1291159
1851051
1326781
1641336
1347348
1291587
1304145
1501131
1341423
1275618
1292708
1326240
1253590
1310348
1310227
1286806
1251553
1248032
1263062
1294001
1329196
1336103
1285525
1954105
1300869
1265718
1311755
1555024
1305565
1447030
1913374
1265978
1265459
1324781
1298313
1739027
1905184
1324692
1338233
1277888
1273859
1335190
1562098
1328901
1297926
1810058
1258061
1862334
1295467
1314369
1348205
1645184
1302557
1258940
1847215
1387174
1256505
1912066
1266575
1320062
1575060
1247054
1273910
1246494
1944105
1253491
1279369
1294192
1703069
1308314
1326167
1256822
1303024
1246506
1266715
1880743
1285302
1253558
1284835
1332399
1264970
1303663
1901820
1722042
1325475
1266483
1366514
1305487
1283993
1250434
1263047
1248888
1880486
1890159
1290044
1338537
1621039
1256352
1296414
1263930
1339348
1300916
1314953
1291511
1281143
1265356
1273033
1297070
1305901
1528050
1783123
1618042
1906602
1329341
1882079
1644251
1280792
1899057
1306299
1292316
1721068
1643313
1251116
1326216
1339002
1302636
1913115
1264434
1255305
1389210
1367184
1334663
1292492
1334705
1262968
1325789
1894324
1370135
1292963
1247297
1309672
1302185
1643263
1770550
1312821
1503109
1323701
1886119
1250459
1321695
1904098
1311305
1673065
1273130
1250433
1329508
1370764
1249264
1430258
1326151
1303505
1303778
1624018
1310993
1281091
1252939
1346033
1330712
1901832
1642070
1512114
1309874
1479039
1649031
1262031
1951027
1848057
1249182
1288083
1289413
1292543
1780237
1252855
1544019
1339075
1909291
1309344
1862161
1314553
1277863
1248129
1673127
1294480
1296273
1920457
1261233
1889090
1778046
1879595
1298932
1292315
1639060
1299721
1311542
1318051
1330350
1857019
1323106
1900339
1309244
1248296
1252761
1847317
1288726
1862231
1255297
1250585
1290479
1250120
1277768
1344403
1307581
1246985
1276504
1926122
1560034
1252665
1307250
1309195
1260665
1879506
1431256
1278031
1703026
1263936
1286127
1712066
1295921
1295305
1810037
1258094
1317164
1252936
1326489
1306129
1342628
1291766
1598039
1949118
1334707
1280819
1289794
1301710
1247490
1310338
1251449
1392129
1259585
1344720
1848053
1332280
1336819
1253046
1319711
1253024
1252620
1298340
1258433
1248489
1327859
1347379
1536062
1292261
1333328
1252199
1256597
1485065
1407084
1890102
1258529
1307645
1906481
1751022
1469043
1314047
1297375
1481029
1392400
1273734
1262433
1255426
1329168
1501158
1433253
1643241
1261139
1325180
1936086
1278518
1297514
1922367
1292308
1283289
1291957
1332164
1274240
1770730
1329615
1292910
1318495
1290491
1246543
1333576
1861143
1256702
1849244
1392220
1505017
1250782
1595116
1339425
1567071
1339875
1878337
1780122
1252513
1777115
1294743
1935354
1308373
1331719
1307783
1318266
1302346
1291919
1643256
1778075
1254058
1337447
1319965
1329365
1328221
1305966
1341894
1249720
1302616
1302707
1298670
1936305
1304892
1260986
1647070
1876509
1376225
1876455
1258086
1291282
1274457
1271436
1964050
1291962
1514071
1776220
1876670
1440057
1254185
1279640
1335885
1251225
1783060
1520020
1308038
1260623
1291120
1293175
1252959
1922281
1311558
1302444
1252733
1347500
1894174
1247608
1397039
1860143
1302187
1298494
1552028
1852018
1258400
1904300
1643271
1298731
1303551
1280808
1251930
1284066
1293028
1290171
1370569
1248119
1924070
1938153
1308753
1280223
1249984
1283077
1304330
1321522
1833572
1312314
1644199
1296416
1294682
1341443
1346758
1253375
1908380
1330559
1879474
1246796
1888049
1290821
1699114
1286104
1961037
1334668
1488029
1278572
1702027
1305653
1780125
1294691
1273056
1345594
1342428
1335717
1303090
1327490
1253119
1247093
1314031
1780091
1297064
1656082
1263444
1299851
1274260
1298850
1926148
1255576
1620051
1248360
1340880
1246717
1376090
1879483
1901115
1292669
1886019
1263130
1304713
1247989
1291242
1277173
1293798
1248776
1334858
1302117
1856065
1318429
1899136
1316437
1290619
1344713
1434119
1880513
1297580
1656083
1882239
1303954
1247061
1345798
1559054
1253181
1901677
1342660
1487043
1652053
1313284
1290889
1336928
1257070
1255423
1315795
1883311
1512127
1335386
1705039
1339283
1301922
1247902
1305002
1266794
1376139
1259102
1248693
1892130
1316431
1367425
1289076
1936075
1253916
1299504
1927070
1305130
1248820
1576034
1336687
1294620
1878268
1260366
1306800
1368143
1380176
1304926
1253871
1703025
1501046
1289306
1292493
1324796
1249346
1948427
1896181
1283438
1281364
1303125
1274691
1249838
1298834
1337975
1338739
1325463
1833468
1275770
1280535
1344689
1277766
1300510
1340333
1590136
1290135
1303494
1455077
1643182
1303106
1323317
1861164
1302044
1308568
1926057
1896242
1389031
1908404
1370806
1341913
1253562
1293026
1294199
1294567
1790098
1319840
1430109
1250005
1372048
1275037
1294647
1812067
1300094
1298777
1261939
1948324
1247037
1315191
1297850
1641268
1251460
1434124
1385054
1305876
1263301
1246682
1392221
1336320
1298548
1561039
1861213
1275386
1276830
1719022
1431214
1296276
1331513
1287967
1337226
1304831
1305384
1311484
1299234
1278223
1891261
1250173
1255375
1283197
1310303
1333403
1286695
1435029
1273229
1313340
1344274
1294416
1321276
1770627
1308529
1303466
1255798
1310294
1298948
1641065
1958044
1531089
1770817
1332701
1249282
1294993
1262757
1311903
1250093
1389403
1373076
1324542
1290733
1325504
1311952
1645145
1333572
1291346
1337549
1309709
1500024
1266808
1300179
1699142
1570027
1297288
1295889
1633017
1894149
1392367
1299712
1367122
1273248
1944033
1329663
1318661
1514059
1285140
1277487
1339227
1250682
1339536
1324544
1253358
1337703
1347945
1273743
1372200
1327647
1566028
1293006
1299746
1753041
1336011
1485026
1569028
1304972
1317728
1325358
1248584
1318659
1247672
1662155
1247232
1810105
1315890
1931132
1249855
1294681
1852034
1696029
1293057
1260105
1251353
1716024
1308894
1295422
1263331
1448122
1876731
1656150
1261064
1329295
1259720
1310339
1310492
1304169
1331970
1313146
1367515
1249242
1311445
1281132
1738023
1262047
1592059
1257642
1504139
1295436
1277498
1261279
1470063
1655108
1638030
1370113
1718059
1317747
1293275
1849163
1314361
1296103
1258068
1279415
1368486
1706107
1423067
1257022
1250107
1260661
1331344
1255310
1955140
1255400
1272982
1282146
1337117
1439025
1254961
1337244
1259169
1343911
1332103
1294418
1336454
1306980
1780217
1310435
1264038
1290967
1547032
1655213
1253569
1334692
1333003
1259500
1247022
1500076
1300425
1631057
1331123
1258330
1250505
1255672
1637072
1910207
1296510
1928069
1295844
1878719
1650024
1901824
1366352
1246733
1322979
1247561
1291713
1640129
1300912
1336579
1298375
1281892
1389207
1266259
1265422
1327542
1682018
1311631
1847079
1955071
1299588
1246940
1248159
1277170
1258398
1390421
1300703
1292306
1337971
1249235
1252713
1392139
1258968
1247936
1273906
1295256
1299328
1702068
1385229
1304074
1307261
1334732
1780057
1307588
1928108
1303184
1886105
1370319
1291315
1292554
1498017
1340460
1246281
1249765
1332721
1338749
1246590
1791040
1318417
1872097
1306991
1291319
1366358
1702083
1915184
1281886
1441038
1310119
1273294
1926165
1290593
1291799
1392329
1293273
1343183
1279377
1259667
1487055
1532057
1770767
1451054
1371162
1255726
1578115
1292767
1299132
1281671
1295317
1655086
1273602
1387133
1253530
1273039
1327626
1339703
1385187
1645125
1643312
1250007
1247159
1925054
1297027
1327334
1298272
1333165
1813112
1274974
1642134
1302865
1898252
1308447
1366205
1979093
1320704
1265925
1295281
1344303
1314709
1292659
1279401
1291815
1279459
1293104
1777214
1777335
1892071
1660135
1924103
1258970
1305248
1862183
1881268
1250803
1267392
1282207
1773077
1430077
1341789
1897298
1876308
1889025
1302749
1812032
1674054
1880611
1306572
1328876
1862207
1810306
1643338
1256620
1256180
1307566
1910023
1924143
1263901
1967031
1298961
1335593
1897018
1257973
1258146
1457045
1336019
1292288
1286207
1262173
1629030
1315499
1879208
1299640
1305388
1300453
1248673
1252986
1290816
1321006
1295509
1248932
1335972
1317526
1312892
1256407
1281862
1255068
1883285
1642082
1849210
1308054
1894061
1251467
1281383
1248324
1293266
1848340
1929024
1250329
1312159
1847197
1275266
1260551
1251028
1256764
1280935
1299775
1433226
1280982
1302095
1320126
1262671
1346966
1254190
1547031
1249917
1946307
1289445
1309893
1921320
1773078
1317035
1305835
1373122
1876462
1775038
1331615
1921115
1278759
1276528
1440044
1432141
1298570
1304678
1266591
1257403
1247991
1258371
1299251
1939074
1899145
1330266
1289347
1339387
1294125
1773124
1304072
1334469
1255916
1899170
1255735
1577069
1323792
1255069
1303097
1262452
1368331
1253572
1377090
1258177
1254000
1309378
1278765
1833121
1255676
1255018
1454051
1291077
1366301
1259132
1260000
1371189
1876738
1367408
1293117
1247786
1304709
1420050
1246958
1432255
1430209
1248243
1346612
1590107
1457019
1373067
1275570
1304702
1703112
1282243
1368117
1305504
1320762
1368352
1946119
1261173
1294556
1278493
1339276
1246695
1246983
1291313
1297061
1282439
1280225
1311247
1910082
1372025
1249602
1337128
1770702
1304615
1939040
1281593
1300000
1264084
1300531
1863076
1319912
1277950
1313893
1310115
1283892
1595065
1509040
1254671
1370944
1303469
1900620
1642158
1502029
1419037
1861176
1753035
1264496
1251114
1276210
1308118
1699132
1724039
1304431
1250075
1433045
1298978
1326454
1248519
1263204
1334321
1346149
1329266
1261119
1305760
1736034
1340972
1372179
1367234
1277715
1292667
1849211
1297860
1278555
1277837
1251060
1324947
1304425
1381134
1315950
1295800
1773181
1318847
1253417
1389051
1551020
1300084
1644061
1340922
1335192
1333223
1347106
1925122
1305926
1315832
1922130
1260032
1283169
1338088
1246360
1260133
1252137
1256568
1348548
1331887
1389419
1291284
1280515
1348599
1742023
1254846
1331447
1292634
1776358
1770256
1293311
1448069
1291884
1297927
1299033
1248534
1250617
1291320
1265213
1904262
1347766
1345553
1257206
1315229
1810188
1561037
1283325
1432268
1263253
1889210
1341345
1252313
1249090
1317454
1310304
1610042
1702038
1891065
1294254
1571020
1291652
1718023
1249753
1266932
1252941
1703076
1313135
1407093
1927254
1256028
1901901
1547048
1265325
1255382
1250622
1335701
1260159
1881378
1297623
1861128
1331616
1895135
1337687
1256840
1898069
1375021
1292976
1262267
1929055
1321231
1308453
1530170
1366251
1295297
1255416
1261236
1273622
1293955
1367571
1305608
1258093
1946332
1255412
1531113
1377118
1898057
1796027
1288869
1949161
1300953
1251618
1593067
1466029
1935471
1255523
1283205
1259104
1251587
1291256
1319898
1777061
1446086
1433036
1891082
1645156
1861220
1325191
1247797
1956098
1589073
1432017
1310396
1342398
1342110
1313423
1292384
1895036
1901738
1299327
1259607
1258194
1320033
1282572
1304922
1267653
1290332
1431096
1894300
1250611
1299090
1622044
1312812
1574028
1257839
1281904
1291393
1310987
1247530
1284089
1295876
1258024
1246654
1337629
1273385
1316787
1256941
1247356
1346906
1321075
1310236
1275768
1700109
1248115
1385079
1326048
1334906
1261163
1281358
1776250
1256910
1293250
1258579
1933196
1336698
1338185
1385053
1337272
1773339
1861474
1339232
1308509
1281572
1303658
1294671
1248107
1370703
1305202
1321376
1849268
1248127
1278512
1322841
1634024
1926120
1323831
1370308
1291516
1906622
1282386
1253725
1295285
1325253
1370683
1297645
1560112
1319733
1333442
1249831
1260280
1537044
1246314
1305016
1299771
1324451
1733032
1250823
1310551
1835038
1287305
1274859
1310263
1305499
1324895
1262746
1254084
1371206
1382078
1420153
1871019
1254260
1324214
1889155
1927122
1951084
1322975
1262739
1277945
1302958
1710022
1430030
1260615
1557021
1433261
1318481
1312818
1265625
1705110
1281909
1260960
1295874
1896244
1590056
1271297
1291442
1915161
1367393
1506050
1304355
1292440
1880233
1308796
1265559
1777179
1309560
1339502
1336957
1883183
1943069
1281116
1248217
1876155
1904346
1343542
1344668
1262256
1366259
1327560
1596039
1345611
1292834
1325471
1711035
1251675
1249142
1850240
1653189
1310271
1781018
1622035
1842087
1251519
1792035
1323054
1256082
1643167
1777274
1322226
1247971
1673068
1673026
1439031
1263829
1291639
1285539
1370906
1334647
1302027
1338932
1314365
1658072
1336311
1636093
1366124
1617031
1337588
1297465
1522070
1294991
1382085
1248103
1247930
1332269
1250275
1332044
1296110
1448072
1785064
1337649
1323837
1255139
1562077
1247424
1250346
1391202
1948166
1574107
1253895
1315153
1890130
1280790
1262535
1249625
1432082
1250665
1298807
1300466
1251409
1412123
1316385
1294137
1249438
1326336
1247522
1892076
1294094
1297873
1292231
1326121
1259953
1315974
1331883
1316701
1262181
1451032
1326453
1257102
1255612
1573027
1339909
1261287
1290221
1337640
1293496
1277187
1265136
1338988
1367521
1876301
1322113
1381106
1282784
1281646
1835110
1318391
1311190
1265165
1333949
1316853
1294215
1619062
1909325
1416047
1282417
1292332
1304459
1559051
1344267
1519027
1326170
1341227
1660018
1430218
1336239
1318690
1315806
1632041
1316626
1939023
1313203
1264637
1792093
1770234
1340539
1320403
1256042
1370674
1251173
1889253
1576122
1922205
1300390
1879638
1298371
1250139
1430257
1614040
1339575
1849051
1773091
1900631
1434262
1285484
1264062
1901763
1318935
1340470
1948440
1273117
1290793
1338368
1331430
1334302
1289178
1344571
1847310
1366175
1279505
1253690
1327230
1296177
1892020
1263572
1317282
1309901
1652239
1452096
1451029
1879187
1291735
1291993
1277001
1389401
1288033
1292386
1289470
1531112
1780204
1950131
1770273
1330903
1313647
1577038
1392169
1371078
1293101
1343756
1387055
1575027
1285203
1256974
1253452
1366475
1291855
1345441
1434221
1559048
1811062
1311062
1310052
1368376
1899065
1259635
1327275
1387045
1338794
1313215
1336238
1251162
1307073
1265463
1773197
1293425
1249939
1564051
1261324
1303140
1263536
1273751
1881225
1331809
1948236
1337941
1314244
1279033
1337655
1304183
1597026
1249245
1278855
1252810
1294080
1258996
1294341
1295424
1777153
1261259
1901375
1260189
1654150
1275785
1712034
1945024
1295873
1474020
1368270
1278368
1317560
1299643
1773326
1252970
1933290
1295688
1305794
1309606
1260213
1593036
1377086
1345974
1551058
1444034
1284471
1306465
1700105
1644290
1310258
1370391
1274065
1876431
1274177
1252188
1645304
1881061
1324240
1291733
1370247
1448064
1263843
1326299
1247085
1291580
1259784
1297717
1290176
1351068
1276556
1299809
1702058
1290812
1302055
1776136
1895189
1791061
1889036
1817220
1900124
1599030
1349946
1770196
1248163
1461053
1889272
1251487
1332131
1305979
1335387
1301116
1293257
1293310
1282139
1281413
1248065
1310538
1255545
1263577
1306672
1248421
1901735
1308589
1254324
1251511
1286406
1257673
1305256
1366711
1290528
1291436
1260361
1297852
1338649
1622075
1298245
1594053
1291095
1278385
1326522
1703072
1254709
1432125
1254948
1250082
1321315
1286908
1255271
1341743
1860025
1896034
1290019
1880429
1640063
1944174
1578053
1336558
1325548
1300874
1258591
1290364
1899410
1742022
1740021
1437069
1432046
1335091
1322912
1310204
1248925
1257356
1278428
1299444
1297049
1812092
1936171
1304165
1427020
1347560
1347248
1262550
1255135
1938038
1250445
1343759
1247245
1852117
1927191
1340253
1247391
1376168
1266605
1298605
1334448
1927215
1302328
1282137
1380101
1432239
1312305
1956111
1249573
1295541
1290943
1901979
1247267
1382042
1263856
1292941
1890042
1291375
1334267
1347674
1246855
1517062
1259589
1341965
1908430
1942025
1330403
1250252
1323346
1259006
1264106
1946256
1281559
1901803
1314289
1294834
1849043
1552143
1446080
1876602
1264039
1338223
1433031
1878672
1316390
1300590
1289982
1254356
1300369
1304180
1298719
1257762
1282157
1292894
1878288
1849109
1310963
1370183
1325909
1247576
1708069
1442096
1922460
1263876
1258120
1302572
1722068
1908467
1312231
1783039
1328089
1776372
1305027
1344191
1273028
1433069
1876710
1313156
1285259
1279616
1395159
1262366
1879303
1264083
1293957
1370268
1335196
1296227
1315251
1894075
1641173
1263787
1867019
1251151
1880606
1320860
1296963
1901784
1454033
1387101
1254868
1328277
1372087
1250980
1246922
1267535
1776205
1253857
1253101
1305807
1306445
1280977
1774072
1279397
1338485
1291912
1260224
1305084
1280039
1901150
1258121
1901798
1878522
1892099
1247419
1959025
1432197
1331882
1330339
1546021
1901899
1304630
1254778
1469040
1325756
1264463
1282736
1321116
1878193
1290323
1892072
1257941
1305550
1256904
1338387
1376092
1849263
1488088
1309492
1252467
1381058
1825032
1774045
1246273
1290128
1252364
1313926
1683026
1246275
1367118
1770494
1252754
1851062
1251154
1328990
1282441
1326045
1906391
1248013
1280762
1479098
1324556
1455018
1770201
1253312
1296919
1292538
1262247
1420185
1275830
1279547
1264689
1255785
1282485
1297157
1320030
1252822
1290819
1290100
1339149
1662137
1649020
1318120
1324230
1265231
1368610
1346791
1813176
1260556
1302131
1248706
1590126
1254329
1277787
1257366
1878612
1317724
1286900
1741033
1250712
1332095
1724023
1389330
1770694
1366764
1275151
1370923
1338430
1294453
1854278
1258428
1432135
1335323
1878148
1258802
1879313
1370153
1290995
1250332
1470031
1247459
1817269
1910125
1710047
1314062
1250916
1251603
1261539
1282649
1281514
1373028
1292101
1254258
1596033
1296173
1333458
1332033
1337194
1254972
1292398
1249444
1449102
1255522
1345205
1293468
1289915
1249327
1326927
1247920
1292375
1247474
1249922
1368346
1266700
1643329
1312342
1872116
1306141
1924177
1409119
1316428
1297128
1326222
1292601
1498032
1366578
1282112
1336894
1247234
1502065
1368350
1293507
1295435
1283560
1514043
1311884
1923155
1904233
1338144
1346428
1912158
1316747
1613032
1461071
1299772
1248626
1303534
1948290
1325520
1701028
1279398
1261503
1516019
1297075
1591038
1336150
1338119
1876287
1250628
1283272
1332632
1305386
1366527
1349360
1374083
1282911
1881152
1385052
1327566
1380205
1432061
1328066
1333040
1929082
1716023
1532068
1294809
1330642
1339183
1876265
1300954
1430158
1700050
1278542
1590044
1340381
1251600
1303496
1594042
1298079
1262673
1304051
1854133
1373034
1795052
1331700
1329314
1773108
1309227
1302372
1257256
1250626
1443060
1325392
1285637
1948295
1934353
1266657
1366537
1389172
1265902
1897080
1260113
1303776
1901059
1247171
1940052
1341116
1933125
1588033
1259944
1291484
1432137
1288107
1324948
1674019
1259869
1324442
1433114
1304934
1308410
1946286
1639047
1913354
1909346
1258335
1285160
1320043
1781047
1952051
1279740
1294014
1266822
1795018
1281401
1868074
1255458
1260150
1258247
1335259
1512101
1946155
1298953
1264423
1527039
1266993
1275115
1324275
1297374
1289976
1290127
1299765
1293043
1291926
1305976
1296011
1263041
1880408
1255219
1862275
1339609
1590133
1261298
1339479
1252900
1304351
1266599
1274724
1895190
1372041
1773229
1265832
1339371
1275051
1644282
1430261
1303736
1291229
1409129
1310111
1896049
1792051
1266078
1293118
1305075
1251258
1310211
1250017
1257936
1372039
1304441
1810087
1254051
1371022
1292304
1311642
1333598
1277931
1288877
1247887
1266252
1411114
1336980
1273343
1248612
1589048
1295273
1434203
1337007
1332225
1279983
1312378
1936303
1311113
1900056
1770844
1328105
1310406
1775081
1315570
1559124
1770318
1275369
1281388
1334735
1249483
1256596
1289675
1256570
1255012
1292476
1263617
1446059
1538019
1320501
1304014
1783061
1262782
1334526
1291136
1302136
1258191
1273786
1282143
1664053
1954072
1314838
1852115
1773283
1432027
1311921
1810079
1257863
1315818
1289759
1312769
1273310
1274223
1337139
1319870
1246501
1296241
1296365
1345590
1589081
1331799
1933193
1254485
1710023
1266064
1248866
1289664
1306986
1302418
1646042
1279714
1653156
1249851
1883056
1712026
1304519
1278661
1324345
1332278
1262680
1252673
1336656
1294134
1876569
1862151
1431163
1339730
1299294
1338675
1319776
1296375
1589026
1472039
1303970
1254002
1312327
1913090
1312849
1249178
1310916
1345617
1319674
1280130
1247519
1304362
1290453
1259517
1672116
1343337
1929022
1277903
1780347
1256098
1882075
1896164
1309013
1301952
1306029
1900747
1264157
1305252
1502122
1286400
1294040
1890057
1249760
1883049
1297268
1306664
1316845
1293951
1676126
1263139
1312274
1292297
1286197
1265010
1263982
1589043
1303003
1309551
1278602
1625059
1368612
1950116
1924123
1292618
1263670
1305628
1674126
1381027
1307302
1574019
1878334
1246869
1334739
1420025
1776199
1750019
1250824
1372077
1450127
1293795
1295555
1260684
1295448
1770405
1306715
1334597
1881060
1294528
1255130
1302842
1247625
1248689
1391027
1262727
1263261
1301147
1408068
1781042
1338324
1253513
1325192
1536028
1935137
1341857
1256076
1381048
1300470
1876263
1640060
1549078
1335868
1317086
1510036
1290224
1910032
1288925
1292220
1434216
1910158
1252790
1263929
1277913
1257707
1282097
1706040
1954088
1315296
1457044
1295315
1257869
1339259
1259750
1292360
1254261
1644276
1255347
1246510
1926033
1332819
1313416
1305727
1262387
1563063
1248110
1323344
1253951
1490034
1330476
1294623
1311151
1324975
1302353
1536021
1253368
1641368
1292029
1578063
1345955
1935133
1777154
1339217
1251320
1368400
1562091
1249546
1307211
1249305
1259972
1905171
1275613
1589058
1311061
1292636
1847151
1842030
1673076
1249637
1253972
1848355
1315197
1963018
1248251
1919017
1397040
1266730
1298198
1323705
1340751
1661078
1290079
1263396
1553042
1301751
1785078
1277621
1247697
1420183
1879263
1292997
1878756
1815030
1939143
1430116
1777284
1316393
1635048
1576018
1319821
1852033
1253761
1279501
1301367
1923244
1324509
1283152
1263445
1275287
1770670
1324562
1929034
1303570
1342778
1246801
1861472
1375087
1296625
1367407
1950050
1247128
1261158
1891107
1389090
1277933
1253243
1913395
1250578
1259549
1282021
1749031
1435050
1349643
1881019
1294659
1904274
1280299
1948209
1336783
1644126
1298743
1299717
1262613
1290363
1316793
1293781
1257144
1252955
1676034
1335165
1431108
1290715
1278795
1250274
1370226
1255669
1253474
1337267
1327377
1430255
1585043
1833564
1319937
1901151
1330964
1770244
1916099
1289880
1273825
1597029
1300441
1633051
1261972
1275873
1323740
1253199
1574050
1292322
1357040
1313057
1340900
1302901
1337804
1292269
1248936
1325219
1892103
1280780
1915053
1290033
1275316
1246672
1304104
1327978
1255724
1254150
1861250
1307748
1595118
1282113
1294131
1308073
1456021
1309559
1250858
1312213
1432043
1385170
1252252
1402106
1600036
1295334
1338723
1342494
1281668
1277764
1247252
1286452
1308227
1292716
1302953
1346052
1371094
1291222
1431220
1780354
1314046
1430031
1294971
1336876
1309403
1380102
1257775
1922539
1285030
1934361
1318336
1308357
1336464
1456045
1260160
1770793
1310178
1306378
1326698
1773189
1889115
1257587
1249490
1741025
1345787
1993067
1574062
1282127
1295527
1291996
1826039
1912270
1292599
1334423
1706103
1291897
1247865
1303218
1313555
1299725
1596041
1246370
1313572
1948345
1274295
1388101
1894308
1326192
1314086
1301630
1617061
1347112
1344474
1901257
1575050
1337311
1334623
1965054
1655210
1294667
1325783
1253816
1979069
1261193
1324531
1253782
1324342
1249806
1248223
1315241
1367235
1249342
1904268
1296766
1247325
1273075
1260558
1300516
1255108
1252794
1300517
1260282
1260050
1273415
1267459
1871017
1348485
1324836
1300871
1435142
1321772
1259148
1333248
1304779
1298667
1699063
1250567
1334654
1249016
1314162
1333483
1367518
1278287
1252917
1938163
1373123
1294374
1847047
1262862
1250014
1255601
1657039
1293758
1337561
1293147
1839109
1273031
1303197
1452065
1266795
1300687
1880509
1254178
1446084
1263579
1862039
1899029
1366187
1288166
1292681
1435094
1569050
1276985
1282599
1310432
1257158
1302988
1317492
1263197
1326319
1251127
1560157
1266521
1248840
1531108
1901956
1300227
1331663
1330664
1338665
1295559
1311476
1250901
1251133
1318235
1295470
1594051
1307269
1582042
1286989
1273451
1332795
1254052
1304991
1248135
1335451
1338484
1552051
1338074
1291402
1897329
1848088
1265644
1304067
1652231
1333570
1334677
1320328
1248434
1550102
1457079
1449074
1367384
1247032
1248815
1281638
1309485
1254314
1484053
1945160
1658066
1303753
1266876
1264963
1900096
1256266
1265011
1276513
1304506
1266391
1295298
1310319
1324104
1326866
1899300
1333259
1882128
1900192
1876683
1251652
1778053
1337440
1354030
1332276
1955131
1284587
1532069
1306151
1279395
1370334
1274799
1448065
1252464
1340419
1780374
1292293
1370290
1294542
1292788
1250897
1254188
1263710
1260184
1297377
1330530
1375073
1262201
1346954
1919042
1908367
1291097
1835104
1731050
1253272
1328113
1257807
1293290
1294436
1310988
1347493
1368153
1310182
1253392
1264077
1289656
1252777
1253404
1385199
1941061
1262729
1248031
1251057
1780242
1246669
1257756
1511024
1255395
1296161
1294538
1917017
1891108
1283117
1285786
1337321
1412109
1334496
1435062
1934253
1344078
1281876
1290082
1293287
1267209
1950043
1281185
1346602
1265280
1955033
1373040
1259738
1922405
1299266
1289669
1933035
1252481
1336002
1916041
1266420
1256869
1257934
1258246
1366298
1872035
1290498
1282018
1299707
1255897
1674022
1962023
1249031
1305894
1292040
1317286
1656029
1314397
1617068
1770859
1304127
1307549
1289944
1895057
1340856
1906056
1961153
1454045
1342707
1862234
1501075
1320447
1311307
1293414
1278967
1305726
1470052
1302942
1263916
1342740
1295413
1731036
1319667
1257335
1296102
1292364
1282426
1373157
1339853
1259948
1331766
1770487
1265143
1281008
1282664
1273650
1266282
1838121
1303476
1833562
1254670
1298351
1432038
1783018
1706073
1292443
1260889
1246619
1899055
1248125
1305109
1332179
1392279
1530035
1613079
1908493
1815079
1341732
1299399
1297532
1300103
1783043
1390393
1579033
1943111
1322809
1302706
1643063
1253360
1291794
1927242
1430143
1274152
1250166
1335973
1260107
1302550
1879488
1370721
1709031
1774087
1291080
1249801
1325514
1774138
1316461
1432175
1874052
1289051
1291286
1302127
1776112
1255647
1259653
1320628
1298864
1338937
1299774
1246927
1305626
1948218
1880632
1246858
1257605
1327117
1738038
1316454
1299054
1366387
1636076
1891167
1331130
1299764
1292336
1861451
1246791
1260568
1517032
1711042
1336599
1279539
1251590
1891147
1312355
1391156
1278838
1654105
1318234
1278093
1294571
1299759
1298947
1561061
1324062
1780212
1273034
1256329
1300832
1862232
1770181
1340125
1314212
1639025
1274285
1296545
1904091
1302719
1277256
1326977
1279014
1250157
1339102
1249289
1829046
1303318
1277232
1654034
1879299
1551090
1325948
1296162
1329048
1335452
1264035
1273418
1265092
1271452
1372040
1293464
1249811
1296671
1850239
1296626
1307590
1534078
1284591
1286429
1253835
1275373
1484100
1305409
1928056
1900656
1315526
1904287
1260362
1264512
1297755
1292155
1332512
1290760
1535064
1250225
1277229
1450148
1247538
1346669
1293141
1431137
1792025
1259641
1291771
1916259
1258447
1321165
1780120
1402166
1248667
1368111
1336662
1292730
1721071
1265089
1335671
1334470
1317245
1850154
1326030
1397029
1390157
1252814
1925040
1262078
1251208
1502132
1699105
1643213
1249710
1726027
1310302
1604031
1370388
1654023
1247580
1935041
1331668
1307442
1303910
1260221
1255109
1286346
1781043
1248168
1299551
1278492
1901977
1346390
1856071
1901704
1257408
1251444
1319614
1293214
1956081
1366436
1247925
1871055
1261302
1293103
1295774
1366704
1339351
1281135
1298242
1524020
1346647
1247110
1296793
1389208
1249809
1249558
1309376
1954030
1339056
1302184
1876443
1916223
1848038
1325212
1326782
1387132
1904226
1254762
1915045
1280501
1644211
1302523
1947041
1296662
1258118
1337264
1311481
1308582
1706035
1249577
1300692
1387140
1560099
1247472
1322202
1335854
1339142
1933210
1878665
1899385
1933106
1780185
1310395
1368286
1250454
1309740
1311653
1259538
1309881
1304174
1343234
1280873
1770247
1318460
1929063
1258422
1265041
1263538
1249900
1292966
1337430
1323988
1313760
1247904
1338959
1579099
1300438
1290391
1330594
1250882
1461072
1314965
1298599
1934033
1250605
1297057
1850076
1299758
1292558
1260241
1904060
1847216
1952031
1255097
1274127
1317277
1310367
1847281
1251392
1861214
1303004
1297068
1301038
1286363
1342079
1567065
1327364
1249251
1304741
1292084
1248321
1484088
1316442
1282966
1339055
1309237
1249910
1924089
1326096
1273862
1308751
1297318
1305607
1325139
1785033
1954056
1258368
1432078
1904321
1785058
1847213
1313026
1879188
1334738
1310450
1867075
1447118
1293366
1833062
1261587
1549021
1910067
1311590
1252712
1528042
1761028
1264559
1260957
1390343
1291875
1900662
1320166
1317565
1302623
1374041
1344598
1297490
1303118
1337276
1331393
1904143
1249405
1876304
1387043
1339732
1262067
1250853
1260645
1263882
1261246
1274741
1347091
1273087
1249752
1267236
1308074
1294806
1296802
1347238
1264663
1645214
1310964
1251091
1276546
1881365
1301766
1900200
1298893
1273372
1878252
1834104
1256765
1313177
1333291
1322072
1257899
1262135
1246447
1304736
1641350
1643316
1770400
1854103
1394075
1255527
1324610
1289029
1314675
1320367
1395092
1300962
1324875
1314897
1271301
1316831
1258554
1335585
1381067
1305092
1267518
1303487
1307277
1249568
1265609
1263239
1311543
1335262
1347046
1333319
1246617
1321166
1817287
1367175
1339702
1434201
1332343
1948179
1338839
1260459
1262084
1294474
1878335
1366690
1770442
1533039
1283727
1252040
1305822
1281047
1298323
1450026
1342278
1901737
1292281
1347595
1304921
1290430
1837096
1881183
1320864
1279420
1936360
1277839
1770639
1294636
1277824
1286505
1956052
1254342
1325570
1906517
1389397
1389047
1256135
1655179
1347060
1248543
1367253
1375020
1850113
1430118
1368520
1246304
1297298
1255487
1776378
1283855
1298586
1890201
1246990
1294637
1312657
1347234
1310439
1253639
1264375
1549059
1638052
1255907
1770680
1847303
1878161
1248134
1286558
1292199
1774038
1334879
1267094
1253029
1246371
1906426
1252360
1923065
1926204
1290108
1921361
1249209
1380167
1326565
1326258
1252492
1297425
1675092
1260604
1373042
1305682
1264007
1889211
1284645
1280598
1309171
1281997
1281246
1309870
1368255
1373150
1251583
1333246
1329312
1908382
1641288
1266573
1300378
1796045
1912100
1850324
1876428
1278061
1777084
1381083
1891030
1796018
1334236
1896067
1260038
1260977
1293942
1327219
1299370
1330817
1945100
1899407
1343871
1555053
1890210
1402076
1304389
1305541
1811099
1250357
1302675
1339716
1252102
1913429
1303240
1300146
1248094
1371037
1249128
1862249
1552084
1258222
1316112
1276034
1703124
1492043
1251119
1278816
1288078
1295875
1257129
1880304
1293958
1274988
1339450
1927066
1341108
1346644
1284435
1281261
1852106
1335767
1705100
1340454
1253640
1956076
1288749
1862306
1389074
1338399
1297427
1280113
1892247
1291631
1304969
1281879
1250636
1250532
1850045
1920170
1275207
1282081
1310880
1452059
1340954
1905261
1303699
1341853
1283724
1330970
1266557
1812124
1927162
1288373
1293253
1931019
1303317
1246837
1936353
1262899
1250068
1293185
1432026
1297679
1852130
1282000
1346387
1320212
1626052
1312499
1337251
1304482
1278757
1340094
1249371
1574104
1431064
1833071
1810057
1336942
1290317
1261299
1323600
1310475
1922188
1930081
1341471
1856017
1250119
1279373
1301347
1252567
1261963
1642138
1289441
1346167
1251552
1305873
1301397
1274737
1516017
1274469
1901884
1336905
1319926
1377089
1371111
1266950
1347878
1253440
1294335
1904061
1527024
1319824
1253367
1391120
1310918
1883166
1861233
1330995
1289556
1935414
1756045
1294639
1814116
1780250
1271400
1331973
1301332
1331087
1299255
1262515
1293208
1290043
1738017
1420173
1252494
1340244
1643120
1322812
1303909
1247462
1367140
1293258
1916207
1246732
1536112
1847038
1340141
1273424
1335019
1297928
1625037
1732102
1316487
1948195
1316712
1285060
1366178
1879414
1250950
1326630
1256388
1258090
1253406
1305010
1537036
1249368
1313230
1537020
1900801
1340952
1776304
1337926
1252142
1579110
1335305
1246459
1309323
1386017
1246520
1286134
1277724
1334581
1275291
1934160
1336009
1295869
1897042
1905244
1331993
1322697
1263685
1890041
1254764
1259293
1387144
1916140
1253039
1567044
1833088
1301787
1683022
1287626
1301362
1346380
1251026
1265369
1595028
1260493
1368604
1607030
1294873
1258228
1250633
1332461
1321338
1298875
1880317
1699050
1882102
1341000
1263063
1892199
1773235
1297053
1936293
1568058
1247251
1444028
1262210
1936289
1311731
1878658
1284845
1335490
1341370
1283294
1530191
1692023
1723034
1411117
1847225
1904092
1840041
1256247
1530120
1309423
